1.3004972364649915E-20 
2.320847344391168E-7 
5.875607703426158E-7 
5.421536857450925E-7 
6.416865682335721E-7 
7.491737298983225E-7 
8.028752579990662E-7 
3.363252235492491E-7 
-3.363252235492565E-7 
-8.028752579990811E-7 
-7.49173729898329E-7 
-6.416865682335685E-7 
-5.421536857451068E-7 
-5.875607703426044E-7 
-2.320847344391641E-7 
4.052978206356697E-21 
2.320847344391407E-7 
5.875607703426141E-7 
5.421536857450871E-7 
6.416865682335752E-7 
7.491737298983291E-7 
8.028752579990924E-7 
3.363252235492759E-7 
-3.36325223549259E-7 
-8.028752579990657E-7 
-7.491737298983327E-7 
-6.416865682335557E-7 
-5.421536857451013E-7 
-5.87560770342622E-7 
-2.3208473443914944E-7 
-3.7788583061748667E-20 
1.5193240539518092E-7 
5.57651442673089E-7 
5.972116827206377E-7 
8.29160258141755E-7 
1.1403741288493778E-6 
1.196087430750471E-6 
4.948217803686072E-7 
-4.94821780368615E-7 
-1.1960874307504723E-6 
-1.1403741288494022E-6 
-8.291602581417715E-7 
-5.972116827206291E-7 
-5.576514426730632E-7 
-1.5193240539519034E-7 
-1.9856884194641706E-20 
1.5193240539518714E-7 
5.576514426730644E-7 
5.972116827206281E-7 
8.291602581417828E-7 
1.1403741288494202E-6 
1.1960874307504894E-6 
4.948217803686549E-7 
-4.948217803685887E-7 
-1.19608743075046E-6 
-1.1403741288494094E-6 
-8.291602581417762E-7 
-5.972116827206104E-7 
-5.576514426730511E-7 
-1.5193240539518473E-7 
4.403961280020604E-22 
2.3208473443915028E-7 
5.875607703425978E-7 
5.421536857450854E-7 
6.416865682335671E-7 
7.491737298983217E-7 
8.028752579990594E-7 
3.3632522354926045E-7 
-3.363252235492669E-7 
-8.028752579990728E-7 
-7.491737298983341E-7 
-6.416865682335665E-7 
-5.421536857450909E-7 
-5.875607703426185E-7 
-2.3208473443914772E-7 
8.900359993494009E-21 
2.3208473443911172E-7 
5.875607703426096E-7 
5.421536857450983E-7 
6.416865682335718E-7 
7.49173729898337E-7 
8.028752579990823E-7 
3.3632522354927337E-7 
-3.3632522354926056E-7 
-8.028752579990688E-7 
-7.491737298983147E-7 
-6.416865682335678E-7 
-5.421536857451049E-7 
-5.875607703426169E-7 
-2.3208473443914176E-7 
-6.322110904633006E-21 
-7.177603614440211E-21 
-4.7259388908600496E-21 
-1.7446229409584187E-21 
5.3773460632678685E-22 
3.5444391899710955E-21 
2.4592257398311745E-21 
9.39913831531893E-22 
6.5445678025538885E-22 
8.815073029254881E-22 
1.4354141054418613E-21 
1.7795797929617444E-21 
1.6745807937799843E-21 
1.884879729418999E-21 
1.299650416671596E-21 
3.6732578369498923E-22 
5.514566074976904E-22 
7.585450205468191E-22 
4.328819135249895E-23 
-9.652230933017524E-22 
-2.4409050817922367E-21 
-2.7802678431903085E-21 
-1.0090434659534595E-21 
2.0521338221323397E-21 
4.372880795195647E-21 
4.2522605901658896E-21 
2.0882258930210474E-21 
4.2101912315984444E-22 
-1.1239755193707862E-21 
-4.034826904811549E-21 
-4.3954625337605335E-21 
-4.9116399698303366E-21 
-4.07158303852322E-21 
-2.7236290032433878E-21 
-2.3490200027208774E-21 
-2.0498465373083437E-21 
-2.1893147477492667E-21 
-1.5545379754222608E-21 
-3.723611421462899E-23 
1.748977194889007E-21 
2.8203374359067564E-21 
2.469147708397928E-21 
2.162511016666778E-21 
2.8401575522114254E-21 
3.098559637088492E-21 
2.9762417579435216E-21 
2.2479126381278004E-21 
9.038478753239998E-22 
-6.351494977517022E-23 
-1.0673212417245454E-21 
-1.917754115537583E-21 
-1.6538805442065469E-21 
-4.481930741056316E-22 
1.1790460368204949E-21 
2.3388890074049568E-21 
2.003907072668003E-21 
7.565481717424714E-22 
-1.9481367217449721E-22 
-1.1859922800381236E-21 
-2.9583365390879363E-21 
-1.7007505505856532E-21 
-2.139763984739327E-21 
-3.5339839257826066E-21 
-3.8103685598955635E-21 
-6.074300331569185E-21 
-9.119861448961788E-21 
-6.195176561371326E-21 
-2.5174407618445384E-21 
-3.9459748367332417E-22 
1.414078646121838E-21 
2.557654963213621E-21 
2.2747878769067194E-21 
2.2576651925178508E-21 
3.556033528382435E-21 
4.940598235310553E-21 
5.674571050036667E-21 
3.8270138208196865E-21 
8.07729297845568E-22 
1.2049370436033764E-22 
-1.6479744510941473E-22 
1.664252090900666E-21 
3.915033827293858E-21 
3.697061480766908E-21 
1.440686355881411E-21 
-1.1926853086708792E-21 
-1.9993044347647137E-21 
-1.3661248947341713E-21 
-1.1297264189689767E-21 
-1.1867713934577181E-21 
-1.0272151050175189E-21